gpu_tracking: 6.566601941589033 ± 0.14906253873843814
trackpy: 100.4244030999951 ± 0.19166801211036608